Init Success0
0.0998334
0.198669
0.29552
0.389418
0.479426
0.564642
0.644218
0.717356
0.783327
0.841471
0.891207
0.932039
0.963558
0.98545
0.997495
0.999574
0.991665
0.973848
0.9463
0.909297
0.863209
0.808496
0.745705
0.675463
0.598472
0.515501
0.42738
0.334988
0.239249
0.14112
0.0415807
-0.0583741
-0.157746
-0.255541
-0.350783
-0.44252
-0.529836
-0.611858
-0.687766
-0.756802
-0.818277
-0.871576
-0.916166
-0.951602
-0.97753
-0.993691
-0.999923
-0.996165
-0.982453
-0.958924
-0.925815
-0.883455
-0.832267
-0.772764
-0.70554
-0.631267
-0.550686
-0.464602
-0.373877
-0.279415
-0.182163
-0.0830894
0.0168139
0.116549
0.21512
0.311541
0.40485
0.494113
0.57844
0.656987
0.728969
0.793668
0.850437
0.898708
0.938
0.96792
0.988168
0.998543
0.998941
0.989358
0.96989
0.940731
0.902172
0.854599
0.798487
0.734397
0.662969
0.584917
0.501021
0.412118
0.319098
0.22289
0.124454
0.0247754
-0.0751511
-0.174327
-0.271761
-0.366479
-0.457536
-0.544021
-0.625071
-0.699875
-0.767686
-0.827826
-0.879696
-0.922775
-0.956635
-0.980936
-0.995436
-0.99999
-0.994553
-0.979178
-0.954019
-0.919329
-0.875452
-0.822829
-0.761984
-0.693525
-0.618137
-0.536573
-0.449647
-0.358229
-0.263232
-0.165604
-0.0663219
0.033623
0.133232
0.23151
0.327474
0.420167
0.508661
0.592074
0.66957
0.740376
0.803784
0.859162
0.905955
0.943696
0.972008
0.990607
0.999309
0.998027
0.986772
0.965658
0.934895
0.894791
0.845747
0.788252
0.722881
0.650288
0.571197
0.486399
0.396741
0.303118
0.206467
0.107754
0.00796318
-0.0919069
-0.190859
-0.287903
-0.382071
-0.472422
-0.558052
-0.638107
-0.711785
-0.778352
-0.837142
-0.887567
-0.929124
-0.961397
-0.984065
-0.9969
-0.999774
-0.992659
-0.975626
-0.948844
-0.912582
-0.867202
-0.813157
-0.750987
-0.681314
-0.604833
-0.522309
-0.434566
-0.342481
-0.246974
-0.148999
-0.0495356
0.0504227
0.149877
0.247834
0.343315
0.435365
0.523066
0.60554
0.681964
0.751573
0.813674
0.867644
0.912945
0.949125
0.975821
0.992766
0.999793
0.99683
0.983907
0.961153
0.928795
0.887158
0.836656
0.777794
0.711161
0.637423
0.557315
0.471639
0.38125
0.287053
0.189987
0.0910224
-0.00885131
-0.108637
-0.207336
-0.303965
-0.397556
-0.487175
-0.571926
-0.650962
-0.723495
-0.788798
-0.84622
-0.895187
-0.93521
-0.965888
-0.986916
-0.998082
-0.999276
-0.990486
-0.971798
-0.943401
-0.905578
-0.858707
-0.803256
-0.739779
-0.66891
-0.591358
-0.507897
-0.419361
-0.326635
-0.230646
-0.132352
-0.0327354
0.0672081
0.16648
0.264089
0.359058
0.450441
0.537322
0.618835
0.694165
0.762558
0.823333
0.875881
0.919678
0.954285
0.979358
0.994645
0.999994
0.995351
0.980763
0.956376
0.922433
0.879273
0.827328
0.767116
0.69924
0.624377
0.543276
0.456746
0.365653
0.270906
0.173452
0.0742654
-0.0256633
-0.125336
-0.223756
-0.31994
-0.412928
-0.501789
-0.585637
-0.663634
-0.735
-0.799021
-0.85506
-0.902555
-0.941031
-0.970106
-0.989487
-0.998982
-0.998495
-0.988032
-0.967696
-0.937692
-0.898318
-0.849969
-0.793127
-0.728361
-0.656317
-0.577715
-0.493341
-0.404038
-0.310697
-0.214253
-0.115667
-0.0159259
0.0839745
0.183036
0.280268
0.3747
0.465388
0.551427
0.631955
0.706169
0.773328
0.832759
0.88387
0.92615
0.959176
0.982618
0.996242
0.999912
0.993591
0.977343
0.951329
0.91581
0.87114
0.817766
0.756222
0.687121
0.611155
0.529083
0.441724
0.349951
0.254682
0.156869
0.0574875
-0.042468
-0.141999
-0.240112
-0.335825
-0.428183
-0.516262
-0.599183
-0.676118
-0.746297
-0.809019
-0.863657
-0.909667
-0.946587
-0.974049
-0.991779
-0.999599
-0.997432
-0.985298
-0.96332
-0.931717
-0.890804
-0.840991
-0.782775
-0.716737
-0.643538
-0.563909
-0.478646
-0.3886
-0.294672
-0.197799
-0.0989497
0.000888157
0.100717
0.19954
0.296369
0.390236
0.480205
0.565375
0.644897
0.717975
0.783879
0.841951
0.89161
0.932361
0.963795
0.9856
0.997557
0.999547
0.99155
0.973645
0.946013
0.908927
0.862761
0.807973
0.745113
0.674808
0.59776
0.51474
0.426577
0.334151
0.238387
0.140241
0.0406933
-0.0592608
-0.158623
-0.2564
-0.351615
-0.443317
-0.530589
-0.61256
-0.688411
-0.757383
-0.818787
-0.872011
-0.916522
-0.951875
-0.977717
-0.99379
-0.999934
-0.996087
-0.982287
-0.958672
-0.925479
-0.883038
-0.831775
-0.7722
-0.704911
-0.630578
-0.549944
-0.463816
-0.373053
-0.278563
-0.181289
-0.0822043
0.0177019
0.117431
0.215987
0.312385
0.405662
0.494885
0.579164
0.657656
0.729577
0.794208
0.850904
0.899097
0.938307
0.968142
0.988304
0.998591
0.9989
0.989229
0.969673
0.940429
0.901788
0.854137
0.797952
0.733794
0.662304
0.584197
0.500252
0.411309
0.318257
0.222024
0.123573
0.0238875
-0.0760367
-0.175201
-0.272615
-0.367305
-0.458325
-0.544766
-0.625764
-0.700509
-0.768255
-0.828324
-0.880118
-0.923117
-0.956893
-0.981108
-0.995521
-0.999986
-0.99446
-0.978997
-0.953753
-0.918979
-0.875023
-0.822324
-0.761408
-0.692885
-0.617439
-0.535823
-0.448854
-0.3574
-0.262375
-0.164728
-0.0654357
0.0345107
0.134112
0.232374
0.328313
0.420973
0.509426
0.592789
0.670229
0.740973
0.804312
0.859616
0.90633
0.943989
0.972216
0.990728
0.999342
0.99797
0.986628
0.965427
0.934579
0.894394
0.845273
0.787705
0.722267
0.649613
0.570468
0.485622
0.395925
0.302272
0.205598
0.106871
0.00707505
-0.0927912
-0.19173
-0.288754
-0.382892
-0.473205
-0.558789
-0.63879
-0.712409
-0.778909
-0.837627
-0.887976
-0.929452
-0.961642
-0.984223
-0.99697
-0.999755
-0.992552
-0.975431
-0.948564
-0.912219
-0.86676
-0.81264
-0.7504
-0.680663
-0.604125
-0.521551
-0.433766
-0.341646
-0.246113
-0.148121
-0.0486486
0.0513097
0.150755
0.248695
0.344149
0.436165
0.523823
0.606246
0.682613
0.752159
0.81419
0.868085
0.913307
0.949404
0.976014
0.992873
0.999811
0.996759
0.983748
0.960907
0.928466
0.886747
0.836169
0.777236
0.710537
0.636738
0.556577
0.470856
0.380429
0.286202
0.189115
0.0901379
-0.00973943
-0.109519
-0.208205
-0.304811
-0.39837
-0.48795
-0.572654
-0.651636
-0.724108
-0.789344
-0.846693
-0.895583
-0.935524
-0.966118
-0.987058
-0.998137
-0.999242
-0.990363
-0.971589
-0.943107
-0.905201
-0.858252
-0.802726
-0.739181
-0.668249
-0.590641
-0.507131
-0.418554
-0.325796
-0.229781
-0.131471
-0.0318477
0.0680942
0.167356
0.264945
0.359887
0.451233
0.538071
0.619532
0.694804
0.763133
0.823837
0.876309
0.920026
0.95455
0.979537
0.994736
0.999996
0.995265
0.980589
0.956116
0.922089
0.87885
0.826829
0.766546
0.698605
0.623683
0.54253
0.455956
0.364826
0.270051
0.172577
0.0733797
-0.0265512
-0.126217
-0.224621
-0.320781
-0.413736
-0.502557
-0.586357
-0.664298
-0.735602
-0.799555
-0.85552
-0.902937
-0.941332
-0.970321
-0.989615
-0.999021
-0.998446
-0.987894
-0.967472
-0.937383
-0.897928
-0.849501
-0.792586
-0.727752
-0.655646
-0.57699
-0.492568
-0.403225
-0.309853
-0.213385
-0.114785
-0.0150378
0.0848594
0.183909
0.281121
0.375524
0.466174
0.552167
0.632643
0.706798
0.773891
0.833251
0.884285
0.926485
0.959427
0.982782
0.996318
0.9999
0.99349
0.977154
0.951055
0.915453
0.870704
0.817255
0.75564
0.686476
0.610452
0.528329
0.440927
0.349119
0.253823
0.155991
0.0566008
-0.0433554
-0.142878
-0.240974
-0.336661
-0.428985
-0.517023
-0.599894
-0.676772
-0.746888
-0.80954
-0.864105
-0.910035
-0.946873
-0.97425
-0.991892
-0.999624
-0.997368
-0.985146
-0.963082
-0.931394
-0.8904
-0.84051
-0.782222
-0.716117
-0.642858
-0.563176
-0.477866
-0.387782
-0.293823
-0.196928
-0.0980658
0.00177631
0.101601
0.20041
0.297217
0.391054
0.480984
0.566108
0.645575
0.718593
0.78443
0.842429
0.892012
0.932681
0.964032
0.98575
0.997619
0.99952
0.991434
0.973443
0.945724
0.908557
0.862311
0.80745
0.744521
0.674152
0.597048
0.513978
0.425773
0.333314
0.237524
0.139361
0.0398058
-0.0601473
-0.1595
-0.257258
-0.352446
-0.444113
-0.531342
-0.613262
-0.689055
-0.757962
-0.819297
-0.872445
-0.916876
-0.952146
-0.977903
-0.993889
-0.999944
-0.996008
-0.98212
-0.958419
-0.925142
-0.882621
-0.831281
-0.771636
-0.70428
-0.629888
-0.549202
-0.463028
-0.372229
-0.277709
-0.180416
-0.0813191
0.0185899
0.118313
0.216854
0.313229
0.406474
0.495657
0.579888
0.658325
0.730184
0.794747
0.85137
0.899486
0.938614
0.968364
0.988439
0.998638
0.998858
0.989098
0.969456
0.940127
0.901404
0.853675
0.797416
0.73319
0.661638
0.583476
0.499483
0.410499
0.317414
0.221158
0.122692
0.0229996
-0.0769223
-0.176076
-0.27347
-0.368131
-0.459115
-0.545511
-0.626456
-0.701142
-0.768823
-0.828822
-0.880539
-0.923458
-0.957151
-0.98128
-0.995604
-0.999981
-0.994366
-0.978816
-0.953485
-0.918628
-0.874592
-0.821818
-0.760832
-0.692244
-0.61674
-0.535073
-0.44806
-0.35657
-0.261518
-0.163852
-0.0645494
0.0353983
0.134992
0.233238
0.329152
0.421778
0.51019
0.593504
0.670888
0.741569
0.80484
0.860069
0.906705
0.944282
0.972423
0.990849
0.999374
0.997914
0.986482
0.965195
0.934263
0.893997
0.844798
0.787158
0.721653
0.648937
0.569738
0.484846
0.395109
0.301425
0.204729
0.105988
0.00618691
-0.0936755
-0.192602
-0.289604
-0.383712
-0.473987
-0.559525
-0.639473
-0.713032
-0.779466
-0.838112
-0.888384
-0.929779
-0.961885
-0.984379
-0.997038
-0.999735
-0.992443
-0.975235
-0.948282
-0.911855
-0.866316
-0.812122
-0.749813
-0.680012
-0.603417
-0.520793
-0.432965
-0.340811
-0.245252
-0.147242
-0.0477614
0.0521967
0.151633
0.249555
0.344983
0.436964
0.524579
0.606953
0.683262
0.752744
0.814705
0.868526
0.913669
0.949682
0.976207
0.992978
0.999827
0.996687
0.983588
0.960661
0.928135
0.886336
0.835681
0.776676
0.709911
0.636053
0.555839
0.470072
0.379608
0.285351
0.188242
0.0892533
-0.0106275
-0.110402
-0.209074
-0.305656
-0.399185
-0.488725
-0.573382
-0.65231
-0.72472
-0.789889
-0.847166
-0.895978
-0.935837
-0.966347
-0.9872
-0.99819
-0.999207
-0.99024
-0.971378
-0.942811
-0.904823
-0.857795
-0.802196
-0.738582
-0.667588
-0.589924
y =
  Columns 1 through 16
         0    0.0998    0.1987    0.2955    0.3894    0.4794    0.5646    0.6442    0.7174    0.7833    0.8415    0.8912    0.9320    0.9636    0.9854    0.9975
  Columns 17 through 32
    0.9996    0.9917    0.9738    0.9463    0.9093    0.8632    0.8085    0.7457    0.6755    0.5985    0.5155    0.4274    0.3350    0.2392    0.1411    0.0416
  Columns 33 through 48
   -0.0584   -0.1577   -0.2555   -0.3508   -0.4425   -0.5298   -0.6119   -0.6878   -0.7568   -0.8183   -0.8716   -0.9162   -0.9516   -0.9775   -0.9937   -0.9999
  Columns 49 through 64
   -0.9962   -0.9825   -0.9589   -0.9258   -0.8835   -0.8323   -0.7728   -0.7055   -0.6313   -0.5507   -0.4646   -0.3739   -0.2794   -0.1822   -0.0831    0.0168
  Columns 65 through 80
    0.1165    0.2151    0.3115    0.4048    0.4941    0.5784    0.6570    0.7290    0.7937    0.8504    0.8987    0.9380    0.9679    0.9882    0.9985    0.9989
  Columns 81 through 96
    0.9894    0.9699    0.9407    0.9022    0.8546    0.7985    0.7344    0.6630    0.5849    0.5010    0.4121    0.3191    0.2229    0.1245    0.0248   -0.0752
  Columns 97 through 112
   -0.1743   -0.2718   -0.3665   -0.4575   -0.5440   -0.6251   -0.6999   -0.7677   -0.8278   -0.8797   -0.9228   -0.9566   -0.9809   -0.9954   -1.0000   -0.9946
  Columns 113 through 128
   -0.9792   -0.9540   -0.9193   -0.8755   -0.8228   -0.7620   -0.6935   -0.6181   -0.5366   -0.4496   -0.3582   -0.2632   -0.1656   -0.0663    0.0336    0.1332
  Columns 129 through 144
    0.2315    0.3275    0.4202    0.5087    0.5921    0.6696    0.7404    0.8038    0.8592    0.9060    0.9437    0.9720    0.9906    0.9993    0.9980    0.9868
  Columns 145 through 160
    0.9657    0.9349    0.8948    0.8457    0.7883    0.7229    0.6503    0.5712    0.4864    0.3967    0.3031    0.2065    0.1078    0.0080   -0.0919   -0.1909
  Columns 161 through 176
   -0.2879   -0.3821   -0.4724   -0.5581   -0.6381   -0.7118   -0.7784   -0.8371   -0.8876   -0.9291   -0.9614   -0.9841   -0.9969   -0.9998   -0.9927   -0.9756
  Columns 177 through 192
   -0.9488   -0.9126   -0.8672   -0.8132   -0.7510   -0.6813   -0.6048   -0.5223   -0.4346   -0.3425   -0.2470   -0.1490   -0.0495    0.0504    0.1499    0.2478
  Columns 193 through 208
    0.3433    0.4354    0.5231    0.6055    0.6820    0.7516    0.8137    0.8676    0.9129    0.9491    0.9758    0.9928    0.9998    0.9968    0.9839    0.9612
  Columns 209 through 224
    0.9288    0.8872    0.8367    0.7778    0.7112    0.6374    0.5573    0.4716    0.3813    0.2871    0.1900    0.0910   -0.0089   -0.1086   -0.2073   -0.3040
  Columns 225 through 240
   -0.3976   -0.4872   -0.5719   -0.6510   -0.7235   -0.7888   -0.8462   -0.8952   -0.9352   -0.9659   -0.9869   -0.9981   -0.9993   -0.9905   -0.9718   -0.9434
  Columns 241 through 256
   -0.9056   -0.8587   -0.8033   -0.7398   -0.6689   -0.5914   -0.5079   -0.4194   -0.3266   -0.2306   -0.1324   -0.0327    0.0672    0.1665    0.2641    0.3591
  Columns 257 through 272
    0.4504    0.5373    0.6188    0.6942    0.7626    0.8233    0.8759    0.9197    0.9543    0.9794    0.9946    1.0000    0.9954    0.9808    0.9564    0.9224
  Columns 273 through 288
    0.8793    0.8273    0.7671    0.6992    0.6244    0.5433    0.4567    0.3657    0.2709    0.1735    0.0743   -0.0257   -0.1253   -0.2238   -0.3199   -0.4129
  Columns 289 through 304
   -0.5018   -0.5856   -0.6636   -0.7350   -0.7990   -0.8551   -0.9026   -0.9410   -0.9701   -0.9895   -0.9990   -0.9985   -0.9880   -0.9677   -0.9377   -0.8983
  Columns 305 through 320
   -0.8500   -0.7931   -0.7284   -0.6563   -0.5777   -0.4933   -0.4040   -0.3107   -0.2143   -0.1157   -0.0159    0.0840    0.1830    0.2803    0.3747    0.4654
  Columns 321 through 336
    0.5514    0.6320    0.7062    0.7733    0.8328    0.8839    0.9262    0.9592    0.9826    0.9962    0.9999    0.9936    0.9773    0.9513    0.9158    0.8711
  Columns 337 through 352
    0.8178    0.7562    0.6871    0.6112    0.5291    0.4417    0.3500    0.2547    0.1569    0.0575   -0.0425   -0.1420   -0.2401   -0.3358   -0.4282   -0.5163
  Columns 353 through 368
   -0.5992   -0.6761   -0.7463   -0.8090   -0.8637   -0.9097   -0.9466   -0.9740   -0.9918   -0.9996   -0.9974   -0.9853   -0.9633   -0.9317   -0.8908   -0.8410
  Columns 369 through 384
   -0.7828   -0.7167   -0.6435   -0.5639   -0.4786   -0.3886   -0.2947   -0.1978   -0.0989    0.0009    0.1007    0.1995    0.2964    0.3902    0.4802    0.5654
  Columns 385 through 400
    0.6449    0.7180    0.7839    0.8420    0.8916    0.9324    0.9638    0.9856    0.9976    0.9995    0.9915    0.9736    0.9460    0.9089    0.8628    0.8080
  Columns 401 through 416
    0.7451    0.6748    0.5978    0.5147    0.4266    0.3342    0.2384    0.1402    0.0407   -0.0593   -0.1586   -0.2564   -0.3516   -0.4433   -0.5306   -0.6126
  Columns 417 through 432
   -0.6884   -0.7574   -0.8188   -0.8720   -0.9165   -0.9519   -0.9777   -0.9938   -0.9999   -0.9961   -0.9823   -0.9587   -0.9255   -0.8830   -0.8318   -0.7722
  Columns 433 through 448
   -0.7049   -0.6306   -0.5499   -0.4638   -0.3731   -0.2786   -0.1813   -0.0822    0.0177    0.1174    0.2160    0.3124    0.4057    0.4949    0.5792    0.6577
  Columns 449 through 464
    0.7296    0.7942    0.8509    0.8991    0.9383    0.9681    0.9883    0.9986    0.9989    0.9892    0.9697    0.9404    0.9018    0.8541    0.7980    0.7338
  Columns 465 through 480
    0.6623    0.5842    0.5003    0.4113    0.3183    0.2220    0.1236    0.0239   -0.0760   -0.1752   -0.2726   -0.3673   -0.4583   -0.5448   -0.6258   -0.7005
  Columns 481 through 496
   -0.7683   -0.8283   -0.8801   -0.9231   -0.9569   -0.9811   -0.9955   -1.0000   -0.9945   -0.9790   -0.9538   -0.9190   -0.8750   -0.8223   -0.7614   -0.6929
  Columns 497 through 512
   -0.6174   -0.5358   -0.4489   -0.3574   -0.2624   -0.1647   -0.0654    0.0345    0.1341    0.2324    0.3283    0.4210    0.5094    0.5928    0.6702    0.7410
  Columns 513 through 528
    0.8043    0.8596    0.9063    0.9440    0.9722    0.9907    0.9993    0.9980    0.9866    0.9654    0.9346    0.8944    0.8453    0.7877    0.7223    0.6496
  Columns 529 through 544
    0.5705    0.4856    0.3959    0.3023    0.2056    0.1069    0.0071   -0.0928   -0.1917   -0.2888   -0.3829   -0.4732   -0.5588   -0.6388   -0.7124   -0.7789
  Columns 545 through 560
   -0.8376   -0.8880   -0.9295   -0.9616   -0.9842   -0.9970   -0.9998   -0.9926   -0.9754   -0.9486   -0.9122   -0.8668   -0.8126   -0.7504   -0.6807   -0.6041
  Columns 561 through 576
   -0.5216   -0.4338   -0.3416   -0.2461   -0.1481   -0.0486    0.0513    0.1508    0.2487    0.3441    0.4362    0.5238    0.6062    0.6826    0.7522    0.8142
  Columns 577 through 592
    0.8681    0.9133    0.9494    0.9760    0.9929    0.9998    0.9968    0.9837    0.9609    0.9285    0.8867    0.8362    0.7772    0.7105    0.6367    0.5566
  Columns 593 through 608
    0.4709    0.3804    0.2862    0.1891    0.0901   -0.0097   -0.1095   -0.2082   -0.3048   -0.3984   -0.4879   -0.5727   -0.6516   -0.7241   -0.7893   -0.8467
  Columns 609 through 624
   -0.8956   -0.9355   -0.9661   -0.9871   -0.9981   -0.9992   -0.9904   -0.9716   -0.9431   -0.9052   -0.8583   -0.8027   -0.7392   -0.6682   -0.5906   -0.5071
  Columns 625 through 640
   -0.4186   -0.3258   -0.2298   -0.1315   -0.0318    0.0681    0.1674    0.2649    0.3599    0.4512    0.5381    0.6195    0.6948    0.7631    0.8238    0.8763
  Columns 641 through 656
    0.9200    0.9546    0.9795    0.9947    1.0000    0.9953    0.9806    0.9561    0.9221    0.8788    0.8268    0.7665    0.6986    0.6237    0.5425    0.4560
  Columns 657 through 672
    0.3648    0.2701    0.1726    0.0734   -0.0266   -0.1262   -0.2246   -0.3208   -0.4137   -0.5026   -0.5864   -0.6643   -0.7356   -0.7996   -0.8555   -0.9029
  Columns 673 through 688
   -0.9413   -0.9703   -0.9896   -0.9990   -0.9984   -0.9879   -0.9675   -0.9374   -0.8979   -0.8495   -0.7926   -0.7278   -0.6556   -0.5770   -0.4926   -0.4032
  Columns 689 through 704
   -0.3099   -0.2134   -0.1148   -0.0150    0.0849    0.1839    0.2811    0.3755    0.4662    0.5522    0.6326    0.7068    0.7739    0.8333    0.8843    0.9265
  Columns 705 through 720
    0.9594    0.9828    0.9963    0.9999    0.9935    0.9772    0.9511    0.9155    0.8707    0.8173    0.7556    0.6865    0.6105    0.5283    0.4409    0.3491
  Columns 721 through 736
    0.2538    0.1560    0.0566   -0.0434   -0.1429   -0.2410   -0.3367   -0.4290   -0.5170   -0.5999   -0.6768   -0.7469   -0.8095   -0.8641   -0.9100   -0.9469
  Columns 737 through 752
   -0.9742   -0.9919   -0.9996   -0.9974   -0.9851   -0.9631   -0.9314   -0.8904   -0.8405   -0.7822   -0.7161   -0.6429   -0.5632   -0.4779   -0.3878   -0.2938
  Columns 753 through 768
   -0.1969   -0.0981    0.0018    0.1016    0.2004    0.2972    0.3911    0.4810    0.5661    0.6456    0.7186    0.7844    0.8424    0.8920    0.9327    0.9640
  Columns 769 through 784
    0.9858    0.9976    0.9995    0.9914    0.9734    0.9457    0.9086    0.8623    0.8074    0.7445    0.6742    0.5970    0.5140    0.4258    0.3333    0.2375
  Columns 785 through 800
    0.1394    0.0398   -0.0601   -0.1595   -0.2573   -0.3524   -0.4441   -0.5313   -0.6133   -0.6891   -0.7580   -0.8193   -0.8724   -0.9169   -0.9521   -0.9779
  Columns 801 through 816
   -0.9939   -0.9999   -0.9960   -0.9821   -0.9584   -0.9251   -0.8826   -0.8313   -0.7716   -0.7043   -0.6299   -0.5492   -0.4630   -0.3722   -0.2777   -0.1804
  Columns 817 through 832
   -0.0813    0.0186    0.1183    0.2169    0.3132    0.4065    0.4957    0.5799    0.6583    0.7302    0.7947    0.8514    0.8995    0.9386    0.9684    0.9884
  Columns 833 through 848
    0.9986    0.9989    0.9891    0.9695    0.9401    0.9014    0.8537    0.7974    0.7332    0.6616    0.5835    0.4995    0.4105    0.3174    0.2212    0.1227
  Columns 849 through 864
    0.0230   -0.0769   -0.1761   -0.2735   -0.3681   -0.4591   -0.5455   -0.6265   -0.7011   -0.7688   -0.8288   -0.8805   -0.9235   -0.9572   -0.9813   -0.9956
  Columns 865 through 880
   -1.0000   -0.9944   -0.9788   -0.9535   -0.9186   -0.8746   -0.8218   -0.7608   -0.6922   -0.6167   -0.5351   -0.4481   -0.3566   -0.2615   -0.1639   -0.0645
  Columns 881 through 896
    0.0354    0.1350    0.2332    0.3292    0.4218    0.5102    0.5935    0.6709    0.7416    0.8048    0.8601    0.9067    0.9443    0.9724    0.9908    0.9994
  Columns 897 through 912
    0.9979    0.9865    0.9652    0.9343    0.8940    0.8448    0.7872    0.7217    0.6489    0.5697    0.4848    0.3951    0.3014    0.2047    0.1060    0.0062
  Columns 913 through 928
   -0.0937   -0.1926   -0.2896   -0.3837   -0.4740   -0.5595   -0.6395   -0.7130   -0.7795   -0.8381   -0.8884   -0.9298   -0.9619   -0.9844   -0.9970   -0.9997
  Columns 929 through 944
   -0.9924   -0.9752   -0.9483   -0.9119   -0.8663   -0.8121   -0.7498   -0.6800   -0.6034   -0.5208   -0.4330   -0.3408   -0.2453   -0.1472   -0.0478    0.0522
  Columns 945 through 960
    0.1516    0.2496    0.3450    0.4370    0.5246    0.6070    0.6833    0.7527    0.8147    0.8685    0.9137    0.9497    0.9762    0.9930    0.9998    0.9967
  Columns 961 through 976
    0.9836    0.9607    0.9281    0.8863    0.8357    0.7767    0.7099    0.6361    0.5558    0.4701    0.3796    0.2854    0.1882    0.0893   -0.0106   -0.1104
  Columns 977 through 992
   -0.2091   -0.3057   -0.3992   -0.4887   -0.5734   -0.6523   -0.7247   -0.7899   -0.8472   -0.8960   -0.9358   -0.9663   -0.9872   -0.9982   -0.9992   -0.9902
  Columns 993 through 1000
   -0.9714   -0.9428   -0.9048   -0.8578   -0.8022   -0.7386   -0.6676   -0.5899

请按任意键继续. . . 
